[gd_scene load_steps=7 format=2]

[ext_resource path="res://assets/island.tscn" type="PackedScene" id=1]
[ext_resource path="res://scripts/level.gd" type="Script" id=2]
[ext_resource path="res://assets/goal_ring.tscn" type="PackedScene" id=3]
[ext_resource path="res://entities/player.tscn" type="PackedScene" id=5]
[ext_resource path="res://scripts/goals.gd" type="Script" id=6]

[sub_resource type="BoxShape" id=1]
extents = Vector3( 50, 1, 50 )

[node name="Spatial" type="Spatial"]

[node name="Envoirment" type="Spatial" parent="."]

[node name="DirectionalLight" type="DirectionalLight" parent="Envoirment"]
transform = Transform( -0.965926, 0.129409, -0.224144, 0, 0.866025, 0.5, 0.258819, 0.482963, -0.836516, 0, 10, 0 )
light_color = Color( 1, 0.780392, 0.129412, 1 )
light_energy = 1.5
shadow_enabled = true

[node name="Spawn" type="Spatial" parent="."]
transform = Transform( 0.866025, 0, -0.5, 0, 1, 0, 0.5, 0, 0.866025, -13, 10, 25 )

[node name="player" parent="Spawn" instance=ExtResource( 5 )]

[node name="Level" type="Spatial" parent="."]
script = ExtResource( 2 )

[node name="Island" parent="Level" instance=ExtResource( 1 )]
transform = Transform( 5, 0, 0, 0, 5, 0, 0, 0, 5, 0, 1.33785, 0 )

[node name="floor" type="StaticBody" parent="Level"]
transform = Transform( 1, 0, 0, 0, 1, 0, 0, 0, 1, 0, -50, 0 )

[node name="floor" type="CollisionShape" parent="Level/floor"]
transform = Transform( 1, 0, 0, 0, 1, 0, 0, 0, 1, 0, 33, 0 )
shape = SubResource( 1 )

[node name="Goals" type="Spatial" parent="."]
script = ExtResource( 6 )

[node name="goal_ring 1" parent="Goals" instance=ExtResource( 3 )]
transform = Transform( 0.935918, -0.352217, 5.73836e-08, 0, -1.62921e-07, -1, 0.352217, 0.935918, -1.52481e-07, -10.0832, 4, 17.9815 )

[node name="goal_ring 2" parent="Goals" instance=ExtResource( 3 )]
transform = Transform( 0.276242, -0.961088, 1.56582e-07, 0, -1.62921e-07, -1, 0.961088, 0.276242, -4.50059e-08, -0.37, 2, 15.197 )

[node name="goal_ring 3" parent="Goals" instance=ExtResource( 3 )]
transform = Transform( 0.756025, -0.654542, 1.06639e-07, 0, -1.62921e-07, -1, 0.654542, 0.756025, -1.23173e-07, 7.36617, 2.80626, 10.3475 )
[connection signal="body_shape_entered" from="Goals/goal_ring 1" to="Spawn/player" method="_on_goal_ring_body_shape_entered"]
[connection signal="body_shape_entered" from="Goals/goal_ring 2" to="Spawn/player" method="_on_goal_ring_body_shape_entered"]
[connection signal="body_shape_entered" from="Goals/goal_ring 3" to="Spawn/player" method="_on_goal_ring_body_shape_entered"]
